aa=0
ab=1478
ac=6875
ad=13477
ae=18209
af=19638
ag=22363
ah=24705
ai=25520
aj=28106
ak=28357
al=29493
am=43658
an=49860
ao=62220
ap=62579
aq=66954
ar=67464
as=80500
at=87923
au=92172
av=111751
aw=114150
ax=115057
ay=115491
az=116110
ba=116855
bb=140870
bc=141372
bd=142233
be=142503
bf=167631
bg=167847
bh=168360
bi=169123
bj=180953
bk=181236
bl=181400
bm=191112
bn=191503
bo=191802
bp=210560
bq=210878
br=210918
bs=232612
bt=233045
bu=233562
bv=247205
bw=247322
bx=247467
by=247493
bz=248697
ca=248717
cb=282761
cc=283792
cd=285123
ce=285836
cf=292864
cg=293583
ch=293861
ci=318480
cj=348496
ck=348636
cl=348927
cm=359749
cn=360715
co=361391
cp=418871
cq=419512
cr=419655
cs=430822
ct=432125
cu=432951
cv=439153
cw=439490
cx=439813
cy=439907
cz=441676
da=441967
db=454700
dc=455134
dd=455683
de=456255
df=481696
dg=482152
dh=482254
di=482674
dj=500089
dk=500350
dl=500504
dm=500861
dn=501352
do=502415
dp=515074
dq=515406
dr=518457
ds=524944
dt=525551
du=525862
dv=533196
dw=533518
dx=534118
dy=534212
dz=535462
e=535774
ea=535784
eb=540956
ec=541886
ed=544250
ee=548788
ef=550001
eg=551008
eh=552299
ei=552991
ej=556462
ek=556592
el=557088
em=566834
en=570960
eo=578977
ep=579355
eq=581338
er=581854
es=585173
et=590023
eu=592493
ev=594562
ew=597155
ex=597727
ey=603024
ez=603980
fa=604137
fb=616308
fc=616700
fd=617336
fe=617932
ff=625565
fg=626162
fh=626317
fi=626551
fj=645652
fk=645891
fl=646035
fm=653880
fn=654443
fo=654802
fp=665713
fq=666159
fr=666241
fs=680895
ft=681473
fu=682161
fv=686861
fw=687026
fx=687246
fy=687336
fz=687585
ga=687660
gb=700773
gc=701180
gd=701743
ge=701990
gf=716233
gg=716457
gh=716603
gi=717571
gj=723686
gk=723840
gl=723924
gm=730137
gn=730578
go=731087
gp=742026
gq=742467
gr=742525
gs=762040
gt=762586
gu=762974
gv=769931
gw=770189
gx=771209
gy=771242
gz=771868
ha=771924
hb=799005
hc=799261
hd=799695
he=800359
hf=820337
hg=820537
hh=820696
hi=821079
hj=834190
hk=834360
hl=834491
hm=834792
hn=835170
ho=835734
hp=856688
hq=857203
hr=857360
hs=858199
ht=858799
hu=859440
hv=867868
hw=868098
hx=868363
hy=868378
hz=871216
i=871277
ia=871288
ib=872624
ic=873178
id=874705
ie=885404
if=885791
ig=886155
ih=886888
ii=887273
ij=887565
ik=888105
il=888441
im=891167
in=895531
io=915850
ip=917302
iq=918027
ir=918135
is=920678
it=924744
iu=926430
iv=926688
iw=927266
ix=927515
iy=927667
iz=927719
ja=928111
jb=935520
jc=935630
jd=936179
je=936268
jf=941534
jg=941713
jh=941796
ji=941958
jj=943611
jk=943710
jl=943800
jm=943906
jn=944092
jo=944231
jp=952320
jq=952751
jr=952800
js=953009
jt=953604
ju=953812
jv=957614
jw=957730
jx=957880
jy=958000
jz=958088
ka=958116
kb=971786
kc=972596
kd=973597
ke=974164
kf=985200
kg=985632
kh=986115
ki=987450
kj=996344
kk=996760
kl=997403
km=1000927
kn=1001800
ko=1004416
kp=1013010
kq=1013593
kr=1013937
ks=1019474
kt=1021071
ku=1021827
kv=1025495
kw=1026104
kx=1027166
ky=1027627
kz=1028898
la=1029395
lb=1070939
lc=1071194
ld=1071889
le=1072430
lf=1087865
lg=1088106
lh=1088433
li=1088779
lj=1106109
lk=1106308
ll=1106582
lm=1107897
ln=1108267
lo=1108568
lp=1134192
lq=1134720
lr=1134776
ls=1135048
lt=1135770
lu=1136213
lv=1142948
lw=1143261
lx=1143519
ly=1143547
lz=1145891
ma=1145917
mb=1193793
mc=1194514
md=1204224
me=1205739
mf=1228558
mg=1228903
mh=1229220
mi=1229747
mj=1253041
mk=1253503
ml=1253709
mm=1254178
mn=1254700
mo=1255694
mp=1281067
mq=1281612
mr=1281652
ms=1282347
mt=1284126
mu=1285877
mv=1296779
mw=1297251
mx=1297542
my=1297615
mz=1300416
na=1300814
nb=1342007
nc=1342772
nd=1344028
ne=1344787
nf=1363828
ng=1364258
nh=1364974
ni=1365878
nj=1373777
nk=1375919
nl=1376152
nm=1376457
nn=1377194
no=1377531
np=1393410
nq=1393956
nr=1394023
ns=1394570
nt=1395504
nu=1396091
nv=1399462
nw=1399743
nx=1400217
ny=1400279
nz=1401871
o=1402176
oa=1402187
ob=1403930
oc=1405988
od=1408799
oe=1410130
of=1410717
og=1411908
oh=1412749
oi=1413558
oj=1414172
ok=1414399
ol=1415269
om=1420551
on=1421820
oo=1424860
op=1426921
oq=1430146
or=1430254
os=1436174
ot=1439293
ou=1444174
ov=1448316
ow=1451786
ox=1452875
oy=1453743
oz=1453928
pa=1454318
pb=1482489
pc=1482906
pd=1483671
pe=1484087
pf=1502269
pg=1502702
ph=1503272
pi=1509540
pj=1519528
pk=1519595
pl=1519796
pm=1530399
pn=1530823
po=1531296
pp=1550659
pq=1551349
pr=1551479
ps=1571799
pt=1574032
pu=1574688
pv=1609847
pw=1610190
px=1610581
py=1610806
pz=1611588
qa=1611680
qb=1612126
qc=1612420
qd=1612769
qe=1612864
qf=1613047
qg=1613170
qh=1613275
qi=1613454
qj=1613772
qk=1613838
ql=1613932
qm=1614232
qn=1614627
qo=1614753
qp=1614872
qq=1615042
qr=1615152
qs=1615290
qt=1615573
qu=1615848
qv=1623718
qw=1623786
qx=1624079
qy=1624105
qz=1624135
ra=1624148
rb=1639084
rc=1639484
rd=1639956
re=1640484
rf=1669344
rg=1669624
rh=1669954
ri=1671811
rj=1683105
rk=1683180
rl=1683514
rm=1683786
rn=1684267
ro=1684541
rp=1703455
rq=1703898
rr=1703983
rs=1704338
rt=1704989
ru=1705654
rv=1711984
rw=1712334
rx=1712569
ry=1712600
rz=1713489
sa=1713563
sb=1735246
sc=1735966
sd=1755589
se=1756214
sf=1776226
sg=1776760
sh=1777003
si=1794607
sj=1809132
sk=1810147
sl=1814481
sm=1819254
sn=1822951
so=1825721
sp=1840837
sq=1855007
sr=1856572
ss=1857699
st=1858673
su=1896342
sv=1911738
sw=1912680
sx=1917266
sy=1917330
sz=1920223
ta=1921121
tb=1933049
tc=1933516
td=1934332
te=1934459
tf=1948639
tg=1948929
th=1949093
ti=1967608
tj=2016713
tk=2016888
tl=2017024
tm=2017310
tn=2017649
to=2018015
tp=2034873
tq=2035235
tr=2035291
ts=2051749
tt=2052959
tu=2053449
tv=2058778
tw=2059516
tx=2061991
ty=2062161
tz=2064735
ua=2064983
ub=2065295
uc=2065791
ud=2066447
ue=2066819
uf=2067177
ug=2067480
uh=2067764
ui=2068073
uj=2068757
uk=2068839
ul=2069391
um=2070711
un=2071805
uo=2085828
up=2085986
uq=2088120
ur=2088217
us=2090168
ut=2094091
uu=2095419
uv=2095619
uw=2095751
ux=2095946
uy=2096144
uz=2096278
va=2096443
vb=2105143
vc=2105275
vd=2105516
ve=2105637
vf=2115147
vg=2115268
vh=2115634
vi=2115863
vj=2129237
vk=2129311
vl=2129426
vm=2130708
vn=2130798
vo=2131033
vp=2135708
vq=2136033
vr=2136185
vs=2137490
vt=2137655
vu=2137885
vv=2138628
vw=2138962
vx=2139099
vy=2139148
vz=2139328
wa=2139458
wb=2159057
wc=2159737
wd=2161119
we=2161834
wf=2179792
wg=2180583
wh=2181211
wi=2188168
wj=2205825
wk=2206276
wl=2207301
wm=2208268
wn=2209649
wo=2210481
wp=2227744
wq=2228670
wr=2228970
ws=2231138
wt=2232197
wu=2233247
wv=2234325
ww=2234637
wx=2235546
wy=2235935
wz=2237764
xa=2237993
xb=2238312
xc=2238402
xd=2238520
xe=2238565
xf=2238918
xg=2238980
xh=2239064
xi=2239147
xj=2239800
xk=2239844
xl=2239898
xm=2240140
xn=2240239
xo=2240253
xp=2240349
xq=2240484
xr=2240568
xs=2240655
xt=2240753
xu=2240903
xv=2241023
xw=2241079
xx=2241148
xy=2241455
xz=2241595
ya=2241609
yb=2244017
yc=2244143
yd=2244262
ye=2244363
yf=2246361
yg=2246501
yh=2246550
yi=2246659
yj=2247089
yk=2247141
yl=2247182
ym=2247334
yn=2247441
yo=2247571
yp=2250180
yq=2250362
yr=2250428
ys=2250564
yt=2250889
yu=2250945
yv=2251899
yw=2252066
yx=2252095
yy=2252155
yz=2252238
za=2252329
zb=2255258
zc=2255370
zd=2255488
ze=2255613
zf=2258514
zg=2258549
zh=2258579
zi=2259221
zj=2261319
zk=2261378
zl=2261476
zm=2261556
zn=2261688
zo=2261784
zp=2263621
zq=2263672
zr=2263729
zs=2263807
zt=2263943
zu=2263959
zv=2265741
zw=2265838
zx=2266631
zy=2266742
zz=2266937
z{=2267082
